Doc_1		Doc_2		Similarity

1134		4860		0.9379671057458955
5091		7254		1.0
1453		3969		0.8206483083879238
253		6595		1.0
809		5579		0.7364032152561198
2031		5416		0.7088666028797647
2746		7298		0.9430188029968322
1354		7491		0.8740638192189164
5863		7458		0.7074633014383861
8397		9590		0.9679270413222543
1589		12212		0.8731980518499843
1957		8607		0.8498976674031817
2568		5761		0.9369762106814317
6249		6645		0.7925103468740763
8589		9658		0.946710174208233
519		10871		0.87072511327438
2293		9630		0.773686133903396
2067		6959		0.9036391409804626
5242		6757		0.7367844579221705
2568		10066		0.8137914293315626
1468		9211		0.7479924034135448
794		3302		0.7226480435843583
1056		9877		0.8951576256971477
1453		8632		0.8936555854869528
493		7491		0.8599937958746832
2239		7630		0.7353408745120342
2721		3317		0.7140608476321978
3273		9680		0.7507910371553898
292		2111		0.703012251711379
8162		9646		0.7476394566782255
9965		10721		0.7910203375777347
1695		6310		0.7568451453404512
2410		4414		0.804952645432934
6289		10693		0.7461931525820792
4649		11457		0.8539372230705083
8312		8540		0.7441752207497772
1781		7817		0.7065686053532207
705		7465		1.0
4073		11209		0.7359203354566902
999		5462		0.7003518800691552
7079		7901		0.8287601226372524
2275		12196		0.8776591489674997
2207		9375		0.700699271192291
3273		11546		0.762216668627992
11937		12087		0.7609138028376076
7696		8329		0.7613931669386423
6594		8574		0.7685208414980343
10873		11180		0.7760757099168181
3868		5972		0.7042304123650097
9680		11546		0.8008924933842853
331		3022		0.7717294708518668
1185		2439		0.7251980093369236
1336		4682		0.7200978545023712
302		3548		0.7106819258270239
9630		10240		0.8854632052029899
3249		7804		0.9544074533719203
4587		7653		0.7038720890897765
3273		11240		0.7153780702734787
3333		10439		0.7825977161809269
1282		5579		0.7127746958350192
9630		11240		0.7686821321604135
1017		2636		0.800491076724173
3783		8633		0.765814798605062
760		3811		0.7377264146760557
6941		8173		0.8146412277889065
6670		8405		0.7335203769861778
4742		8499		0.8400615969918906
10439		12244		0.8089244984774114
197		11204		1.0
4742		10566		0.7967298421122333
2572		9735		0.9273372874927622
5226		9587		0.8748973195107438
5073		8360		0.9468575104613137
164		1785		1.0
9143		11258		0.915687229494251
3255		7911		0.7379240604444643
1373		7998		0.703277061377359
8837		10609		0.9290340069185233
3011		9707		0.8000791419116925
2746		8514		0.8403446563609401
97		5221		0.7478523341487544
5744		11963		0.7211837146773885
5222		9240		0.7137074157969495
4946		7817		0.7523826235085583
2165		8269		1.0
8205		11425		0.7824724720534288
247		8862		0.7178660203302591
1579		8425		0.7488403430789385
225		10799		0.8303786838328369
7901		11425		0.8188108041406342
9680		10240		0.8018798160706223
40		4977		0.7013881101636804
2008		7179		0.7219109011667563
30		2578		0.7380318889376029
10464		11363		0.8725708382231361
6460		9746		0.9041655340948481
2248		11907		0.7201601510319953
2293		11546		0.7345783434267095
5149		5491		0.8431530200458383
6654		7363		0.754706778585133
4996		6351		0.720989382764761
4053		4795		0.8122920750539739
1887		8336		0.7758732715313984
2293		11240		0.8032812688212575
1813		7491		0.8696833310828318
3969		5202		0.7867295890788145
10473		11741		0.772278407540839
63		9502		0.7426894617391705
7911		12087		0.7829432243748221
5018		8308		0.773864924066411
3693		7032		0.7069864777444265
3209		5782		0.7033562826920073
3969		4795		0.7220186590137145
8499		9444		0.8108468010799852
1153		3663		0.7403944027869017
5827		10216		0.8600494570852893
7168		9707		0.7231843046867078
7911		11685		0.7428686900822109
8021		9256		1.0
4860		10715		0.8969687379478232
2258		2568		0.7189608274680864
11685		12087		0.7184019414129704
2450		5492		0.7795689706568016
2258		5761		0.7123716599574375
1237		6131		0.8786294229414285
1829		9225		0.8450057695409805
457		1869		0.7151515625796536
1359		5814		0.7687829588453121
4502		4589		0.9947867139924953
3777		5467		0.7589004217226147
2423		2568		0.9221284160967703
7866		11258		0.8880561615918473
1143		10037		1.0
10406		11020		0.707524248281988
10240		11240		0.7642557455710247
1049		3414		1.0
5720		9371		0.7448386964009588
4242		7786		0.75805655518737
2258		2423		0.7239329708799246
5277		10065		0.9489772927437242
9630		11546		0.7623693021557104
5061		10032		0.885668724207684
8464		11752		0.7192011176317288
6922		11756		0.739953065563213
2443		9408		0.7486848595148815
2766		10653		0.7545452475574723
4767		9511		0.7566875774695255
6755		7971		0.8863359203345809
8499		10566		0.7907346419552886
5918		8372		0.7638411071383636
565		7170		1.0
2173		7606		0.9249588750381785
3333		12244		0.9553998939564664
809		1534		0.730686032517032
4462		6645		0.7802343534253888
3283		4141		0.7219637704387423
272		11929		0.7232454149078578
4060		5676		0.7562949870295159
1418		6776		0.8212707921034982
9542		9587		0.7127303552651048
3969		4053		0.7384690524165737
2791		10063		0.9050908232617179
2445		10817		0.772604575511022
3011		7168		0.8045215134110001
7899		8975		0.8892301938214189
4795		5202		0.7607786591683202
2091		6825		1.0
2377		6569		0.7846890627369663
8019		10350		0.735793559867873
578		10954		0.8141034470802326
4812		10834		0.7033759958388639
5784		7910		0.727176984588389
515		3373		0.9664156918428674
2146		5339		0.7098645451085991
3273		10240		0.8132592995055025
3395		10873		0.8048607014759555
3400		8930		0.7478388224078911
1256		10017		0.7259830992169101
3255		12087		0.7482608957400548
4025		4841		0.9311746076069758
5478		9955		0.7155291859557229
2129		8984		0.7029104217481968
1775		9352		0.7640852980490227
127		6935		0.8656489151056401
7298		8514		0.8376078074232487
11040		11753		0.7845432508175743
4050		6603		0.7503496324460345
2423		6791		0.7931568345827821
3273		9630		0.7743041533312011
7079		7669		0.8305818685381261
701		4904		0.8901195529161752
2687		2729		0.9251264911170806
809		1282		0.7484452810450745
6649		11129		1.0
59		11907		0.7084699475210744
791		10788		1.0
10337		12117		0.7491800498057174
3969		8632		0.8455144326532051
8224		10216		0.801452237971967
3893		5416		0.8495411742687718
5863		9817		0.7006241407939104
8280		12196		0.7678240659083511
11240		11546		0.7307526390302992
8884		11546		0.752420992012508
7079		8205		0.8386811139310667
5833		7630		0.722870940938082
5222		10989		0.7176128400706124
8884		9630		0.7090315720710798
1134		10715		0.8507748931820184
2139		8574		0.8860139787651093
298		5888		0.7892569456677302
1969		4475		0.7060302720610798
9295		11504		0.8960988533521539
398		4752		0.7158251260279203
2609		5234		0.8323164805722395
4974		9061		0.8364778279878813
10154		11384		0.7240793693865186
2243		3127		0.9518674105402712
3574		7600		0.9286351269236154
156		5800		0.748602723502746
2803		6073		0.808562633278503
6835		10039		0.7859189406564024
1049		6784		0.7260891279925932
609		6017		0.9015198266538269
493		1813		0.8194661802850678
1404		7685		1.0
2727		11637		0.833538252129405
11022		12095		0.894811322404362
3469		9560		0.8054928587518948
7079		11425		0.7446147527832938
444		4605		0.8038909239211801
9869		11301		0.7254088451523188
3893		6856		0.7170741534729917
7630		8620		0.7220176991768457
3643		9546		0.7669996769678773
1365		2010		0.7609116471102517
2139		6594		0.8088872321293569
4116		11643		0.7328435100212111
6937		11837		0.7044840781585557
2420		8172		1.0
9174		11767		0.760727679769949
3273		8884		0.7514793813867268
7363		9375		0.9110140232618503
6804		10178		1.0
4032		5707		0.776999074028122
2516		5833		0.7301923488684868
1746		10642		0.9931960883394477
9252		9313		0.7940048989050962
8924		11974		0.7682019206905207
9680		11240		0.7232660514101931
1975		3888		0.7807765848152264
7952		10687		0.7378917162715476
7911		11937		0.734882586702437
5698		6623		0.7448077133917586
5194		9990		0.7449107194318577
314		572		0.7283436889966876
7901		8205		0.7661722827299877
3255		11937		0.7506360290434129
4567		5478		0.7160090572980342
2664		6660		0.7127296923144261
303		5676		0.7043509954633526
10240		11546		0.7821697828478572
1235		6132		0.7252857657840374
4706		6390		0.9632336821935894
63		11301		0.76608053191331
2392		3470		0.837794796395441
4884		5029		0.8418146771436247
5641		6905		0.7686021642299752
2646		8414		0.8568095022823484
1014		2423		0.7293168868784132
255		3763		0.7292608518065274
6648		10192		0.7521855393305166
6835		10574		0.7031389689377678
2455		3497		0.7565093033269377
5717		6174		0.7266493730899949
89		8620		0.736459663773932
3795		4416		0.886679598143661
10929		11871		0.7903760419380085
3069		6554		0.8731574585218431
2423		10066		0.8061000037231754
2973		4246		1.0
969		7342		0.7827413933484965
2848		4134		0.7783938426698243
5827		8224		0.7164280312715131
8826		9918		0.7121411357954973
9742		10055		0.7235715854087861
7045		8301		1.0
8813		11888		0.7584613171661185
5470		6198		0.7643704698136364
5761		10066		0.7668771001407115
2808		4145		0.9104695157933388
3141		4116		0.716821487323222
1674		7721		1.0
2423		5761		0.8712416659241331
4627		9248		0.7254027856491613
3776		5890		0.8266494322759357
2207		6654		0.8044105202614138
3396		7403		0.7322886083820662
3824		10321		0.7495150963366018
9937		10631		0.7091205225638595
7866		9143		0.8171678820128899
4587		11871		0.7141927544601931
7006		11305		0.7079781156790206
4637		12031		0.7056441307281025
6950		11231		0.7249049301714495
10337		12145		0.707976448164372
8884		10240		0.7356132479525296
5088		7633		0.7047512138766147
7563		10839		0.8760515845183898
6791		10066		0.7725142123569494
6232		12087		0.7210909123832284
5244		10240		0.7005318484026284
6232		11937		0.7142816404585987
11685		11937		0.7095547819871798
79		8782		0.715479780563487
6531		8699		0.7535266186215674
8884		9680		0.7530864760863285
1453		4795		0.7120911366701196
4335		9788		0.7957513557816087
6654		9375		0.7342698728697544
5761		6791		0.7293475364389479
8158		9287		0.7206446558007482
7669		8205		0.740198621064296
2031		3893		0.804231350466211
9502		11301		0.7661633406550074
5723		11221		0.7261896617326502
5339		10834		0.734583796542809
178		7003		0.7422792536391783
2474		5913		0.7259887239128863
981		3299		0.7129367295206157
9630		9680		0.7744516511470452
12117		12145		0.8379264854050544
4062		9691		0.7670140775882508
3553		8498		0.7152210593441035
7660		8941		0.9040971325138053
5550		10893		0.7268564107003809
3414		6784		0.7260891279925932
9597		10558		0.808427244137199
2293		9680		0.7174397146667603
7882		11901		0.8005694350452173
2611		6453		0.740421517894976
5234		10627		0.734787651100019
1891		10947		0.7458086296111132
4721		8862		0.71655848585846
5459		9787		1.0
11305		11873		0.7599596564921192
1354		1813		0.8158758579342401
3548		7630		0.7078616429837934
2568		6791		0.7816509997020994
3384		6785		0.9600917112013261
4462		6249		0.9412168094327281
4053		5202		0.8534214326154381
4767		7946		0.7273496156663588
4742		9444		0.7740612585510053
2293		10240		0.7598544255521722
402		5858		0.7977118444523512
3976		8001		0.7502432732034477
2581		3777		0.7476883814881189
4035		5130		0.7292836361925721
2146		10834		0.775953896628817
117		8164		0.7338100653242049
437		4643		0.8758975917320674
7338		9646		0.7004475342820143
1068		7120		0.8764851654472487
5229		8244		0.8124207767408489
4595		9313		0.75772776553514
493		1354		0.8281347690641707
3578		6508		0.8801693954447607